0.560000 12.687853 23.507016
0.554054 11.943150 21.102592
0.571429 12.833035 21.833698
0.567164 11.260409 20.660894
0.594203 12.102384 21.978937
0.605263 13.871582 24.130584
0.569444 12.585801 22.044813
0.630137 14.154903 24.494115
0.781250 15.695526 18.301515
0.533333 9.811632 19.270833
0.500000 10.990206 22.511307
0.567164 12.307572 21.345486
0.560606 12.662856 20.447575
0.626866 12.490358 19.099687
0.528571 10.299457 20.724129
0.371795 11.826327 19.943010
0.350649 9.970473 20.025831
0.375000 9.622911 19.101377
0.360465 10.036854 20.746174
0.426471 11.212121 18.547818
0.390625 11.493808 14.589058
0.360000 10.336907 17.099903
0.350000 12.702338 20.628646
0.341176 10.806578 20.397239
0.347826 7.884684 15.558636
0.402778 10.528571 16.159354
0.333333 9.575991 16.314631
0.348315 9.474532 23.103701
0.277778 8.296244 17.536559
0.352941 9.005078 17.121102
0.525641 13.424224 29.516697
0.602941 9.236092 26.524896
0.586667 11.764200 30.496110
0.388889 7.017648 23.695817
0.521739 9.090827 25.683586
0.486842 11.983491 27.551902
0.434211 10.053933 27.508575
0.533333 10.251834 30.301359
0.458824 11.246669 29.259522
0.513158 10.472920 27.588393
0.366197 7.489465 25.128477
0.646154 10.748604 22.244680
0.567164 12.061583 24.236726
0.507937 9.294680 20.525346
0.542857 9.757878 24.370108
0.515789 20.374638 28.929167
0.416667 10.772918 25.393356
0.458824 13.532090 23.944159
0.423077 11.389596 22.776888
0.526316 11.824839 24.302505
0.450000 12.894213 24.684029
0.465116 13.481462 23.857547
0.513158 11.533363 22.641309
0.486486 10.901913 20.209541
0.460674 13.326517 24.501339
0.443038 10.919904 22.978318
0.445783 10.166496 25.204109
0.432099 10.011033 24.028786
0.500000 9.944409 23.290715
0.480519 10.450144 23.273404
0.746032 9.480290 14.703666
0.812500 8.422123 16.604041
0.731343 7.856094 20.777837
0.772727 9.459017 16.203440
0.676923 8.385762 17.181213
0.718750 9.452226 18.272897
0.652174 8.990219 16.980820
1.018519 10.100095 14.843315
1.142857 8.784054 12.955146
0.622951 9.023392 15.239458
0.720000 11.074177 19.315301
0.786885 7.451658 17.086216
0.660714 7.789693 13.863496
0.691176 8.966133 15.156155
0.825397 10.943281 21.309401
0.519481 17.312099 29.342195
0.405405 10.892240 24.555994
0.337500 7.669690 26.445252
0.493671 11.348939 25.033098
0.462500 10.685146 24.061647
0.460526 10.469855 25.369314
0.380952 9.958810 25.303943
0.461538 11.264626 24.830695
0.376623 9.479298 22.990972
0.511628 13.742265 29.171873
0.464789 10.630425 22.832434
0.574713 17.896180 25.083941
0.651515 11.996801 22.426258
0.525641 13.418908 22.800866
0.391304 8.702739 23.639636
0.506494 12.660635 29.527939
0.554054 13.497754 29.865729
0.467532 9.422752 30.114183
0.382716 9.294989 31.499244
0.395062 8.360820 32.151300
0.416667 8.714456 31.701530
0.475000 10.419421 32.878709
0.537500 14.260125 32.880260
0.493506 11.277586 30.611200
0.492958 11.982580 28.159884
0.454545 8.885039 30.825354
0.408451 7.493118 27.774870
0.523077 7.918020 26.328850
0.493671 12.509626 29.058550
0.402778 7.858220 28.133260
0.701754 14.405780 11.384333
0.593220 11.380213 12.715566
0.584615 13.444970 12.951858
0.575758 12.939084 13.200036
0.472973 10.806104 16.556958
0.582090 13.418287 14.941250
0.564516 14.118678 13.016243
0.582090 13.104776 15.158911
0.612903 14.260664 12.301273
0.694915 16.158036 12.728454
0.547945 13.674769 17.784326
0.691176 18.978605 16.289928
0.597015 14.420363 13.372255
0.767857 18.407301 11.145371
0.453125 10.717466 15.041433
0.368421 6.755697 24.288280
0.432836 7.836558 21.134257
0.309859 7.166811 22.970549
0.442623 7.423209 20.234043
0.414286 7.997396 20.935627
0.416667 8.824658 22.776983
0.527273 9.698028 16.784873
0.423729 7.357617 17.861009
0.406250 9.025159 21.472862
0.394737 7.670665 23.986265
0.444444 7.597400 22.205356
0.500000 11.859582 21.863960
0.400000 7.955275 20.240654
0.444444 8.132787 16.487621
0.439394 8.457546 21.260392
0.500000 7.657883 14.014266
0.516129 10.107089 15.819080
0.446154 6.799088 17.466614
0.507246 12.862224 18.151421
0.441558 9.591200 18.035665
0.541667 14.719911 17.525328
0.470588 9.343714 17.833600
0.418919 9.245123 17.353959
0.506173 16.292938 21.932034
0.410959 10.867499 18.013915
0.500000 8.043312 13.134107
0.442857 6.773229 17.898203
0.469697 9.540219 17.273771
0.515152 12.499000 16.322753
0.420290 8.474456 16.943487
0.383914 4